# name: debug
# type: sparse matrix
# nnz: 144
# rows: 12
# columns: 12

1 1 6674740.08
2 1 296834.714
3 1 -5604255.46
4 1 2210832.92
5 1 -1127078.53
6 1 -1117618.63
7 1 -428205.308
8 1 -48189.5665
9 1 113770.343
10 1 -214491.644
11 1 1061277.91
12 1 20651.0347
1 2 296834.714
2 2 10871080.2
3 2 -278204.85
4 2 1495487.13
5 2 -6693.3882
6 2 59842.6914
7 2 -34638.464
8 2 -504605.634
9 2 19958.325
10 2 -1222319.63
11 2 -6927.5478
12 2 -175963.923
1 3 -5604255.46
2 3 -278204.85
3 3 -1861066.39
4 3 3808025.12
5 3 632277.851
6 3 554239.754
7 3 119894.847
8 3 -11102.7398
9 3 -52282.6734
10 3 -19778.9171
11 3 -324421.601
12 3 -5820.89569
1 4 2210832.92
2 4 1495487.13
3 4 3808025.12
4 4 8503310.64
5 4 -1137160.39
6 4 -238424.657
7 4 -28944.2922
8 4 -53090.6136
9 4 -8286.09445
10 4 -199867.416
11 4 57122.5891
12 4 3941.98534
1 5 -1127078.53
2 5 -6693.3882
3 5 632277.851
4 5 -1137160.39
5 5 3917965.62
6 5 -318605.362
7 5 34231.5001
8 5 -877.74936
9 5 -10232.8057
10 5 10826.9452
11 5 -143796.159
12 5 -1385.50732
1 6 -1117618.63
2 6 59842.6914
3 6 554239.754
4 6 -238424.657
5 6 -318605.362
6 6 2432801.14
7 6 20997.7203
8 6 9870.24183
9 6 -6090.01206
10 6 35500.3234
11 6 -50346.4513
12 6 -31502.5739
1 7 -428205.308
2 7 -34638.464
3 7 119894.847
4 7 -28944.2922
5 7 34231.5001
6 7 20997.7203
7 7 1292016.36
8 7 40578.0972
9 7 -330442.82
10 7 388751.696
11 7 -3014879.1
12 7 -206684.849
1 8 -48189.5665
2 8 -504605.634
3 8 -11102.7398
4 8 -53090.6136
5 8 -877.74936
6 8 9870.24183
7 8 40578.0972
8 8 1394550.85
9 8 71093.0641
10 8 3258863.71
11 8 217667.754
12 8 251720.247
1 9 113770.343
2 9 19958.325
3 9 -52282.6734
4 9 -8286.09445
5 9 -10232.8057
6 9 -6090.01206
7 9 -330442.82
8 9 71093.0641
9 9 382593.403
10 9 54753.9401
11 9 1052432.52
12 9 82702.2475
1 10 -214491.644
2 10 -1222319.63
3 10 -19778.9171
4 10 -199867.416
5 10 10826.9452
6 10 35500.3234
7 10 388751.696
8 10 3258863.71
9 10 54753.9401
10 10 9659887.4
11 10 -250633.054
12 10 464983.038
1 11 1061277.91
2 11 -6927.5478
3 11 -324421.601
4 11 57122.5891
5 11 -143796.159
6 11 -50346.4513
7 11 -3014879.1
8 11 217667.754
9 11 1052432.52
10 11 -250633.054
11 11 9244164.81
12 11 405063.608
1 12 20651.0347
2 12 -175963.923
3 12 -5820.89569
4 12 3941.98534
5 12 -1385.50732
6 12 -31502.5739
7 12 -206684.849
8 12 251720.247
9 12 82702.2475
10 12 464983.038
11 12 405063.608
12 12 712500.219
