# name: debug
# type: sparse matrix
# nnz: 144
# rows: 12
# columns: 12

1 1 164975214
2 1 16826767.9
3 1 30583681.1
4 1 -46949592.3
5 1 -119620910
6 1 -5358559.76
7 1 -164975153
8 1 -16826773.4
9 1 -30583683.5
10 1 46949470.9
11 1 119620627
12 1 5358547.71
1 2 16826767.9
2 2 146761596
3 2 -52030636.5
4 2 98587840.2
5 2 -39939352.9
6 2 -7844469.92
7 2 -16826773.1
8 2 -146761551
9 2 52030616
10 2 -98587581.8
11 2 39939261.2
12 2 7844436
1 3 30583681.1
2 3 -52030636.5
3 3 40064023.2
4 3 -44832423.8
5 3 31859773.6
6 3 4306760.89
7 3 -30583684.9
8 3 52030616.8
9 3 -40064007.7
10 3 44832308.2
11 3 -31859690.7
12 3 -4306742.09
1 4 -46949592.3
2 4 98587840.2
3 4 -44832423.8
4 4 490189467
5 4 6379036.19
6 4 -47102961.6
7 4 46949471.1
8 4 -98587581.8
9 4 44832308.1
10 4 -490187852
11 4 -6379024.84
12 4 47102805.2
1 5 -119620910
2 5 -39939352.9
3 5 31859773.6
4 5 6379036.19
5 5 598362683
6 5 39764437.4
7 5 119620627
8 5 39939261.3
9 5 -31859690.9
10 5 -6379024.81
11 5 -598360942
12 5 -39764300.3
1 6 -5358559.76
2 6 -7844469.92
3 6 4306760.89
4 6 -47102961.6
5 6 39764437.4
6 6 60429038.9
7 6 5358547.83
8 6 7844435.9
9 6 -4306742.07
10 6 47102805.2
11 6 -39764300.4
12 6 -60428861.2
1 7 -164975153
2 7 -16826773.1
3 7 -30583684.9
4 7 46949471.1
5 7 119620627
6 7 5358547.83
7 7 164975213
8 7 16826768.4
9 7 30583680.6
10 7 -46949592.2
11 7 -119620910
12 7 -5358559.73
1 8 -16826773.4
2 8 -146761551
3 8 52030616.8
4 8 -98587581.8
5 8 39939261.3
6 8 7844435.9
7 8 16826768.4
8 8 146761595
9 8 -52030635.6
10 8 98587840
11 8 -39939353
12 8 -7844470.01
1 9 -30583683.5
2 9 52030616
3 9 -40064007.7
4 9 44832308.1
5 9 -31859690.9
6 9 -4306742.07
7 9 30583680.6
8 9 -52030635.6
9 9 40064023.3
10 9 -44832423.8
11 9 31859773.6
12 9 4306760.88
1 10 46949470.9
2 10 -98587581.8
3 10 44832308.2
4 10 -490187852
5 10 -6379024.81
6 10 47102805.2
7 10 -46949592.2
8 10 98587840
9 10 -44832423.8
10 10 490189467
11 10 6379036.2
12 10 -47102961.6
1 11 119620627
2 11 39939261.2
3 11 -31859690.7
4 11 -6379024.84
5 11 -598360942
6 11 -39764300.4
7 11 -119620910
8 11 -39939353
9 11 31859773.6
10 11 6379036.2
11 11 598362683
12 11 39764437.4
1 12 5358547.71
2 12 7844436
3 12 -4306742.09
4 12 47102805.2
5 12 -39764300.3
6 12 -60428861.2
7 12 -5358559.73
8 12 -7844470.01
9 12 4306760.88
10 12 -47102961.6
11 12 39764437.4
12 12 60429038.9
