# name: debug
# type: sparse matrix
# nnz: 144
# rows: 12
# columns: 12

1 1 109016221
2 1 -250783923
3 1 141525012
4 1 24376912.9
5 1 22166667.1
6 1 11535925.3
7 1 -108961479
8 1 250797207
9 1 -141471255
10 1 1532073.36
11 1 -17532965.9
12 1 1388849.19
1 2 -250783923
2 2 967495535
3 2 -499141814
4 2 -91371822.4
5 2 3174133
6 2 -37981856.3
7 2 250797039
8 2 -967515431
9 2 499066863
10 2 -2955849.17
11 2 -5313907.07
12 2 -10104826.6
1 3 141525012
2 3 -499141814
3 3 262096580
4 3 45035503.3
5 3 1122523.17
6 3 19543923.4
7 3 -141525642
8 3 499130596
9 3 -262111168
10 3 4062571.98
11 3 1134469.16
12 3 5423451.11
1 4 24376912.9
2 4 -91371822.4
3 4 45035503.3
4 4 44411834.7
5 4 -3427589.91
6 4 9251193.02
7 4 -24374643.3
8 4 91400150.7
9 4 -44917258.3
10 4 -35424233.9
11 4 3547589.03
12 4 -5466742.73
1 5 22166667.1
2 5 3174133
3 5 1122523.17
4 5 -3427589.91
5 5 38599214.3
6 5 879342.348
7 5 -22129643.9
8 5 -3083736.67
9 5 -887278.44
10 5 3774710.02
11 5 -36505741.2
12 5 -532388.186
1 6 11535925.3
2 6 -37981856.3
3 6 19543923.4
4 6 9251193.02
5 6 879342.348
6 6 5363209.85
7 6 -11538214.2
8 6 37991059.5
9 6 -19510592.2
10 6 -5426270.81
11 6 -691840.172
12 6 -3568464
1 7 -108961479
2 7 250797039
3 7 -141525642
4 7 -24374643.3
5 7 -22129643.9
6 7 -11538214.2
7 7 108890083
8 7 -250762668
9 7 141439872
10 7 -1528518.93
11 7 17525234.9
12 7 -1385371.07
1 8 250797207
2 8 -967515431
3 8 499130596
4 8 91400150.7
5 8 -3083736.67
6 8 37991059.5
7 8 -250762668
8 8 967626667
9 8 -499073623
10 8 2906664.57
11 8 5228714.15
12 8 10093328.8
1 9 -141471255
2 9 499066863
3 9 -262111168
4 9 -44917258.3
5 9 -887278.44
6 9 -19510592.2
7 9 141439872
8 9 -499073623
9 9 262118157
10 9 -4165871.96
11 9 -1370981.75
12 9 -5452710.11
1 10 1532073.36
2 10 -2955849.17
3 10 4062571.98
4 10 -35424233.9
5 10 3774710.02
6 10 -5426270.81
7 10 -1528518.93
8 10 2906664.57
9 10 -4165871.96
10 10 35743017.1
11 10 -3551721.08
12 10 6361695.76
1 11 -17532965.9
2 11 -5313907.07
3 11 1134469.16
4 11 3547589.03
5 11 -36505741.2
6 11 -691840.172
7 11 17525234.9
8 11 5228714.15
9 11 -1370981.75
10 11 -3551721.08
11 11 34865800.4
12 11 498630.286
1 12 1388849.19
2 12 -10104826.6
3 12 5423451.11
4 12 -5466742.73
5 12 -532388.186
6 12 -3568464
7 12 -1385371.07
8 12 10093328.8
9 12 -5452710.11
10 12 6361695.76
11 12 498630.286
12 12 4198430.37
