# name: debug
# type: sparse matrix
# nnz: 144
# rows: 12
# columns: 12

1 1 98754211.7
2 1 1341405.36
3 1 -46505216.2
4 1 424030.377
5 1 -11016414.6
6 1 -644700.226
7 1 -226849.203
8 1 -11729.7643
9 1 111554.001
10 1 -112295.74
11 1 679419.99
12 1 51246.5209
1 2 1341405.36
2 2 105755723
3 2 8153077.9
4 2 11661131.5
5 2 1105753.39
6 2 323800.242
7 2 -5657.30737
8 2 -261434.146
9 2 -15187.5067
10 2 -709654.598
11 2 -85443.0265
12 2 -37040.4472
1 3 -46505216.2
2 3 8153077.9
3 3 -34849426.2
4 3 -1844127.87
5 3 3168607.46
6 3 223652.27
7 3 83547.1503
8 3 -23276.3422
9 3 -44463.3139
10 3 -32998.2533
11 3 -261410.011
12 3 -22431.3161
1 4 424030.377
2 4 11661131.5
3 4 -1844127.87
4 4 14136781.7
5 4 207565.819
6 4 -247401.136
7 4 -3323.24195
8 4 -29629.1764
9 4 -264.574396
10 4 -85126.6465
11 4 -1638.44242
12 4 -4650.02215
1 5 -11016414.6
2 5 1105753.39
3 5 3168607.46
4 5 207565.819
5 5 10412612.1
6 5 155682.651
7 5 24988.1621
8 5 -2323.34774
9 5 -12586.8979
10 5 2582.89896
11 5 -79940.5419
12 5 -6275.37777
1 6 -644700.226
2 6 323800.242
3 6 223652.27
4 6 -247401.136
5 6 155682.651
6 6 4993929.98
7 6 1511.58755
8 6 -1177.66929
9 6 -817.901791
10 6 -2323.16185
11 6 -5228.89258
12 6 -2249.62844
1 7 -226849.203
2 7 -5657.30737
3 7 83547.1503
4 7 -3323.24195
5 7 24988.1621
6 7 1511.58755
7 7 3807825.9
8 7 30752.9978
9 7 -349078.43
10 7 351106.627
11 7 -2261023.96
12 7 -165253.698
1 8 -11729.7643
2 8 -261434.146
3 8 -23276.3422
4 8 -29629.1764
5 8 -2323.34774
6 8 -1177.66929
7 8 30752.9978
8 8 3997405.04
9 8 54111.3438
10 8 2597953.22
11 8 287161.484
12 8 7154.87365
1 9 111554.001
2 9 -15187.5067
3 9 -44463.3139
4 9 -264.574396
5 9 -12586.8979
6 9 -817.901791
7 9 -349078.43
8 9 54111.3438
9 9 3345251.07
10 9 -6594.81841
11 9 1284284.04
12 9 92831.9903
1 10 -112295.74
2 10 -709654.598
3 10 -32998.2533
4 10 -85126.6465
5 10 2582.89896
6 10 -2323.16185
7 10 351106.627
8 10 2597953.22
9 10 -6594.81841
10 10 11293915.8
11 10 -39160.6456
12 10 -106499.14
1 11 679419.99
2 11 -85443.0265
3 11 -261410.011
4 11 -1638.44242
5 11 -79940.5419
6 11 -5228.89258
7 11 -2261023.96
8 11 287161.484
9 11 1284284.04
10 11 -39160.6456
11 11 11164771.6
12 11 480278.327
1 12 51246.5209
2 12 -37040.4472
3 12 -22431.3161
4 12 -4650.02215
5 12 -6275.37777
6 12 -2249.62844
7 12 -165253.698
8 12 7154.87365
9 12 92831.9903
10 12 -106499.14
11 12 480278.327
12 12 3536612.17
