# name: debug
# type: sparse matrix
# nnz: 144
# rows: 12
# columns: 12

1 1 282708.369
2 1 -333146.393
3 1 -237191.005
4 1 1810102.36
5 1 -316510.931
6 1 -111271.39
7 1 -203459.654
8 1 209507.87
9 1 153729.273
10 1 13251.0054
11 1 7296.47266
12 1 -6419.60563
1 2 -333146.393
2 2 813716.452
3 2 -119782.328
4 2 -2752635.45
5 2 -1683803.24
6 2 153586.049
7 2 245947.29
8 2 -528720.018
9 2 102028.541
10 2 -32460.397
11 2 905.278338
12 2 14864.492
1 3 -237191.005
2 3 -119782.328
3 3 948682.759
4 3 -1361308.6
5 3 3318047.07
6 3 106022.857
7 3 271390.426
8 3 147595.652
9 3 -658301.53
10 3 -1405.44398
11 3 35624.2143
12 3 -454.488125
1 4 1810102.36
2 4 -2752635.45
3 4 -1361308.6
4 4 14351855.1
5 4 -261402.683
6 4 -662489.3
7 4 -1420389.37
8 4 1660545.3
9 4 863359.735
10 4 -101598.636
11 4 39641.6861
12 4 -52821.7255
1 5 -316510.931
2 5 -1683803.24
3 5 3318047.07
4 5 -261402.683
5 5 14984289.6
6 5 272670.003
7 5 519541.37
8 5 1296709.8
9 5 -2305164.26
10 5 -34478.6297
11 5 -102734.928
12 5 -31033.953
1 6 -111271.39
2 6 153586.049
3 6 106022.857
4 6 -662489.3
5 6 272670.003
6 6 193242.31
7 6 113534.474
8 6 -139014.837
9 6 -62020.2025
10 6 -69386.8081
11 6 -13707.498
12 6 -9817.25154
1 7 -203459.654
2 7 245947.29
3 7 271390.426
4 7 -1420389.37
5 7 519541.37
6 7 113534.474
7 7 1105737.81
8 7 -1819519.25
9 7 -2364603.99
10 7 442979.676
11 7 -623091.758
12 7 93393.8248
1 8 209507.87
2 8 -528720.018
3 8 147595.652
4 8 1660545.3
5 8 1296709.8
6 8 -139014.837
7 8 -1819519.25
8 8 3367754.01
9 8 -1349535.85
10 8 -866056.844
11 8 -345273.206
12 8 -170144.25
1 9 153729.273
2 9 102028.541
3 9 -658301.53
4 9 863359.735
5 9 -2305164.26
6 9 -62020.2025
7 9 -2364603.99
8 9 -1349535.85
9 9 2960185.08
10 9 -44657.44
11 9 697464.928
12 9 -12875.0257
1 10 13251.0054
2 10 -32460.397
3 10 -1405.44398
4 10 -101598.636
5 10 -34478.6297
6 10 -69386.8081
7 10 442979.676
8 10 -866056.844
9 10 -44657.44
10 10 4575262.47
11 10 -20812.048
12 10 233705.066
1 11 7296.47266
2 11 905.278338
3 11 35624.2143
4 11 39641.6861
5 11 -102734.928
6 11 -13707.498
7 11 -623091.758
8 11 -345273.206
9 11 697464.928
10 11 -20812.048
11 11 4575000.06
12 11 315626.035
1 12 -6419.60563
2 12 14864.492
3 12 -454.488125
4 12 -52821.7255
5 12 -31033.953
6 12 -9817.25154
7 12 93393.8248
8 12 -170144.25
9 12 -12875.0257
10 12 233705.066
11 12 315626.035
12 12 298652.905
