# name: debug
# type: sparse matrix
# nnz: 144
# rows: 12
# columns: 12

1 1 325213.846
2 1 -190310.236
3 1 1121613.21
4 1 41736.4535
5 1 -269774.494
6 1 -55423.2724
7 1 -120975.313
8 1 32420.969
9 1 -94874.276
10 1 169259.051
11 1 424674.168
12 1 79923.6841
1 2 -190310.236
2 2 1303459.83
3 2 116582.592
4 2 313278.692
5 2 -28577.3212
6 2 92779.0259
7 2 59062.8628
8 2 -184896.751
9 2 -50009.3868
10 2 -578546.552
11 2 77594.9787
12 2 -141926.334
1 3 1121613.21
2 3 116582.592
3 3 163842.035
4 3 -82820.1296
5 3 -209026.546
6 3 -33938.4179
7 3 -119069.591
8 3 -35768.402
9 3 -136575.93
10 3 -32078.3554
11 3 565646.335
12 3 31903.5959
1 4 41736.4535
2 4 313278.692
3 4 -82820.1296
4 4 770721.985
5 4 -7900.14174
6 4 177591.843
7 4 631.424
8 4 -24539.4224
9 4 -3780.47495
10 4 -156215.713
11 4 35077.307
12 4 -44382.4498
1 5 -269774.494
2 5 -28577.3212
3 5 -209026.546
4 5 -7900.14174
5 5 1021989.55
6 5 43692.8895
7 5 22105.3854
8 5 8641.16189
9 5 34357.7913
10 5 3358.38025
11 5 -244601.586
12 5 21844.8723
1 6 -55423.2724
2 6 92779.0259
3 6 -33938.4179
4 6 177591.843
5 6 43692.8895
6 6 202078.301
7 6 10746.8704
8 6 -15593.4478
9 6 4003.86459
10 6 -67866.1456
11 6 -25471.5367
12 6 -36390.3233
1 7 -120975.313
2 7 59062.8628
3 7 -119069.591
4 7 631.424
5 7 22105.3854
6 7 10746.8704
7 7 238926.12
8 7 -84518.9206
9 7 151561.232
10 7 -358582.417
11 7 -702158.258
12 7 -158909.435
1 8 32420.969
2 8 -184896.751
3 8 -35768.402
4 8 -24539.4224
5 8 8641.16189
6 8 -15593.4478
7 8 -84518.9206
8 8 324950.787
9 8 93146.351
10 8 900973.036
11 8 -176037.765
12 8 236120.166
1 9 -94874.276
2 9 -50009.3868
3 9 -136575.93
4 9 -3780.47495
5 9 34357.7913
6 9 4003.86459
7 9 151561.232
8 9 93146.351
9 9 249128.697
10 9 176964.974
11 9 -821265.529
12 9 -18989.4861
1 10 169259.051
2 10 -578546.552
3 10 -32078.3554
4 10 -156215.713
5 10 3358.38025
6 10 -67866.1456
7 10 -358582.417
8 10 900973.036
9 10 176964.974
10 10 2997791.81
11 10 -98336.274
12 10 803806.113
1 11 424674.168
2 11 77594.9787
3 11 565646.335
4 11 35077.307
5 11 -244601.586
6 11 -25471.5367
7 11 -702158.258
8 11 -176037.765
9 11 -821265.529
10 11 -98336.274
11 11 3498378.55
12 11 209250.561
1 12 79923.6841
2 12 -141926.334
3 12 31903.5959
4 12 -44382.4498
5 12 21844.8723
6 12 -36390.3233
7 12 -158909.435
8 12 236120.166
9 12 -18989.4861
10 12 803806.113
11 12 209250.561
12 12 328309.284
